0000003521
0000022370
0000045291
0000080887
0000102786
0000106830
0000205695
0000225322
0000315754
0000353905
0000703153
0000719423
0000741313
0000741375
0000743861
0000746601
0000759667
0000759828
0000759866
0000778108
0000799091
0000803013
0000803950
0000809821
0000809981
0000823533
0000826433
0000851693
0000855886
0000925683
0000939934
0001038520
0001062374
0001156906
0001174610
0001176199
0001189740
0001215913
0001221482
0001260041
0001295293
0001308836
0001308927
0001314414
0001396502
0001415726
0001452937
0001464413
0001496749
0001518042
0001537140
0001547011
0001558107
0001587982
0001647978
0001657493
0001667919
0001683471
0001750821
0001767876
0001771377
0001781324
0001810747
0001823346
0001826860
0001829908
0001855710
0001866152